1808918.74,1888856.9848433998,
1808918.74,1888856.9848433998,
2276349.43,1237377.9627134,
2276349.43,1237377.9627134,
1808918.74,1888856.9848433998,
2140990.07,1255398.7755302,
1925720.88,1475485.3248819,
2044726.22,1274655.0213287002,
2044726.22,1274655.0213287002,
1889519.36,1643996.3180061,
1889519.36,1643996.3180061,
1815797.98,1856269.8817435,
1847165.88,1735147.0594051,
1847165.88,1735147.0594051,
1847165.88,1735147.0594051,
1847165.88,1735147.0594051,
1975524.73,1286233.6219371,
1892457.9,1530768.430137,
1930944.28,1377514.2464822,
2074458.3,1258314.2871188,
1940687.67,1353434.4936192,
1940687.67,1353434.4936192,
1940687.67,1353434.4936192,
1940687.67,1353434.4936192,
1945480.47,1309217.8262028003,
1815797.98,1856269.8817435,
1861845.98,1666641.9495242,
1899673.48,1498832.696708,
1973444.3,1301966.6763563002,
1847165.88,1735147.0594051,
1855184.5,1702605.3815715,
1855184.5,1702605.3815715,
