1915114.87,1457415.8949071998,
1921235.54,1443834.6501482,
1947993.18,1373288.7337999,
1819804.62,2083861.7355245003,
2085266.61,1138680.5024533002,
1816941.02,2150735.8329249,
1825739.51,1864070.3360914001,
1963928.05,1271512.2764522,
1821896.08,1953284.0551292,
1845150.32,1804330.2429304002,
2018129.67,1164443.0934521998,
1834143.06,1820326.1054653,
1825739.51,1864070.3360914001,
1901468.45,1506830.9133087,
1873419.93,1642448.4129655003,
2017556.24,1170961.2035846002,
1974873.61,1184500.7996195997,
1864142.85,1716632.1983175,
1816941.02,2150735.8329249,
1864142.85,1716632.1983175,
1974020.51,1243410.0812518,
1813092.25,2201419.5286692,
2033652.9,1149072.1253576002,
1864283.42,1696353.6546603001,
1875656.41,1635621.4912684,
1907496.6,1483702.0241623,
1859718.08,1743802.3197326004,
1985089.99,1184323.7518810001,
2018129.67,1164443.0934521998,
