0,0,0,1,2,0,2,0,1,0,0,0,0,0.01936555824042159,0.5515606380876386,0.6629458663282681,
0,2,2,1,1,2,1,0,1,1,1,1,0,0.2433080572128037,0.5506976067872141,1.36831294907883,
0,2,2,1,1,2,1,0,1,1,1,1,0,0.2433080572128037,0.5506976067872141,1.36831294907883,
0,0,1,1,2,0,0,0,1,1,1,1,0,0.2433196059374806,0.5515606380876386,0.35849477845406624,
0,2,0,1,1,0,5,1,1,1,1,1,1,0.22805753829320577,0.5191213415202338,1.3680385202212413,
5,1,1,1,1,2,0,3,1,1,1,1,1,0.2378630718580079,0.5186846204289297,1.3680385202212413,
0,2,2,1,1,2,1,0,1,1,1,1,0,0.2433080572128037,0.5506976067872141,1.36831294907883,
0,0,1,1,2,0,0,0,1,1,1,1,0,0.2433196059374806,0.5515606380876386,0.35849477845406624,
0,2,0,1,1,0,5,1,1,1,1,1,1,0.22805753829320577,0.5191213415202338,1.3680385202212413,
5,1,1,1,1,2,0,3,1,1,1,1,1,0.2378630718580079,0.5186846204289297,1.3680385202212413,
0,0,0,1,1,0,0,3,1,1,1,0,0,0.01936555824042159,0.5515606380876386,0.60836883777641,
5,1,1,1,2,1,2,0,1,1,1,1,0,0.24644353099808575,0.5173242449972335,1.3766351922892186,
0,1,1,1,1,1,2,3,1,1,1,1,1,0.2316074957311488,0.566381709042234,1.3749396488345207,
0,1,0,0,1,0,0,0,1,1,1,1,0,0.01936555824042159,0.5515606380876386,0.582203411011837,
5,5,2,0,1,0,0,1,1,1,1,1,1,0.2432803632422703,0.5208371819425844,0.35849477845406624,
0,5,4,0,1,0,0,0,1,1,1,1,2,0.01936555824042159,0.5515439710948077,1.4370220028768401,
5,2,2,0,1,0,1,1,1,1,1,1,1,0.24658839139407,0.520255259008946,1.3762667052370783,
0,2,2,1,1,1,3,1,1,1,1,1,1,0.23785883220004206,0.5515939728919276,1.3683149628987923,
