21,4,17,0,1,0,2,5,1,0,
21,4,17,0,1,1,2,3,1,0,
8,4,1,0,1,0,5,7,2,1,
33,4,17,2,1,0,1,7,1,1,
6,2,2,1,1,0,0,0,2,2,
33,4,17,2,1,0,5,4,2,7,
21,4,17,2,1,0,5,4,2,0,
8,4,2,0,1,0,1,7,2,0,
8,4,17,2,2,0,5,5,2,2,
5,4,17,2,1,0,2,4,2,4,
8,4,2,1,1,0,0,0,2,2,
8,4,17,2,1,0,0,4,6,3,
21,4,17,2,1,0,5,4,2,0,
8,4,2,2,1,0,0,0,2,2,
8,4,1,2,1,0,1,7,1,1,
8,4,2,1,1,0,1,0,2,0,
8,4,2,0,1,0,1,1,2,2,
21,4,17,2,1,0,0,0,2,2,
33,4,17,2,1,0,5,4,2,7,
21,4,17,2,1,0,0,0,2,2,
8,4,1,0,1,0,1,1,6,2,
33,4,17,2,2,1,5,4,2,2,
8,2,2,0,1,0,0,0,0,3,
8,4,2,2,1,0,5,4,2,4,
8,4,1,2,1,0,1,7,1,0,
21,4,17,0,1,0,2,4,2,4,
8,4,15,2,1,0,0,1,2,2,
8,4,2,0,1,0,1,1,0,3,
8,4,2,1,1,0,0,0,2,2,
